# Canonical Face Model 对齐配置
# 基于canonical_face_model.obj的分析结果

[中线点索引]
centerline_indices = [0, 1, 2, 4, 5, 6, 8, 9, 10, 11, 12, 13, 14, 15, 16, 17, 18, 19, 94, 151, 152, 164, 168, 175, 195, 197, 199, 200]

[对称点对索引]
# 格式: (左点索引, 右点索引)
pair_1 = (3, 248)
pair_2 = (7, 249)
pair_3 = (20, 250)
pair_4 = (21, 251)
pair_5 = (22, 252)
pair_6 = (23, 253)
pair_7 = (24, 254)
pair_8 = (25, 255)
pair_9 = (26, 256)
pair_10 = (27, 257)
pair_11 = (28, 258)
pair_12 = (29, 259)
pair_13 = (30, 260)
pair_14 = (31, 261)
pair_15 = (32, 262)
pair_16 = (33, 263)
pair_17 = (34, 264)
pair_18 = (35, 265)
pair_19 = (36, 266)
pair_20 = (37, 267)

[目标几何中心]
target_center = (-0.000000, -0.676437, 4.158965)

[关键Landmark点]
nose_tip = 4
left_eye = 34
right_eye = 264
left_mouth = 192
right_mouth = 416
